-1 -1 -1 -1 -1 -1 16 -1 17 -1 -1 -1 -1 -1 -1 -1
-1 -1 -1 -1 -1 -1 18 -1 19 -1 -1 -1 -1 -1 -1 -1
-1 -1 -1 -1 -1 -1 -1 5 -1 -1 -1 -1 11 13 13 12
-1 -1 6 4 4 4 4 -1 4 4 4 4 2 -1 -1 7
-1 -1 5 -1 -1 -1 -1 5 -1 -1 -1 -1 14 -1 -1 7
-1 -1 5 -1 -1 -1 -1 5 -1 -1 -1 -1 14 -1 -1 7
-1 -1 5 -1 -1 -1 -1 16 15 -1 -1 -1 14 -1 -1 7
-1 11 3 13 13 13 13 12 17 -1 -1 -1 10 8 0 9
-1 14 -1 -1 -1 -1 -1 7 17 -1 -1 -1 -1 -1 5 -1
-1 14 -1 -1 -1 -1 -1 1 17 -1 -1 -1 -1 -1 5 -1
-1 14 -1 -1 -1 -1 -1 7 17 -1 -1 -1 -1 -1 5 -1
-1 10 8 8 8 8 8 9 17 -1 -1 -1 -1 -1 5 -1
-1 -1 -1 -1 -1 -1 -1 2 5 -1 -1 -1 -1 -1 5 -1
-1 -1 -1 -1 -1 -1 -1 2 -1 -1 -1 -1 -1 -1 5 -1
-1 -1 -1 -1 -1 -1 -1 2 -1 -1 17 -1 -1 -1 5 -1
-1 -1 -1 -1 -1 -1 -1 2 -1 -1 17 -1 -1 -1 5 -1
-1 -1 -1 -1 -1 -1 -1 2 -1 -1 -1 4 4 4 19 -1
-1 -1 -1 -1 -1 -1 -1 2 -1 -1 -1 -1 -1 -1 -1 -1
-1 -1 -1 -1 -1 -1 -1 2 -1 -1 -1 -1 -1 -1 -1 -1
-1 -1 -1 -1 -1 -1 -1 2 -1 -1 -1 -1 -1 -1 -1 -1
-1 -1 -1 -1 -1 -1 -1 2 -1 -1 -1 -1 -1 -1 -1 -1
-1 -1 -1 -1 -1 -1 -1 2 -1 -1 -1 -1 -1 -1 -1 -1
-1 -1 -1 -1 -1 -1 -1 2 -1 -1 -1 -1 -1 -1 -1 -1
-1 -1 -1 -1 -1 -1 -1 2 -1 -1 -1 -1 -1 -1 -1 -1
-1 -1 -1 -1 -1 -1 -1 2 -1 -1 -1 -1 -1 -1 -1 -1
-1 -1 -1 -1 -1 -1 -1 2 -1 -1 -1 -1 -1 -1 -1 -1
-1 -1 -1 -1 -1 -1 -1 2 -1 -1 -1 -1 -1 -1 -1 -1
-1 -1 -1 -1 -1 -1 -1 2 -1 -1 -1 -1 -1 -1 -1 -1
-1 -1 -1 -1 -1 -1 -1 2 -1 -1 -1 -1 -1 -1 -1 -1
-1 -1 -1 -1 -1 -1 -1 4 -1 -1 -1 -1 -1 -1 -1 -1
-1 -1 -1 -1 -1 -1 -1 4 -1 -1 -1 -1 -1 -1 -1 -1
-1 -1 -1 -1 -1 -1 -1 4 -1 -1 -1 -1 -1 -1 -1 -1